Афлубин	0	100	0	200	0	30
Мирамистин	3	50	2	80	0	20
Хлорофиллипт	3	100	2	140	0	20
Арбидол	0	100	0	260	3	15
Кагоцел	0	12	0	310	3	20
Цитрамон	0	30	0	50	4	20
Пиносол	1	10	2	160	5	25
Пиносол	4	150	2	170	5	25
Макситрол	1	5	2	190	5	20
Стрепсилс	0	20	0	370	5	30
Стрепсилс	1	100	2	350	5	40
Эспумизан	0	40	0	300	5	20
Смекта	5	20	0	290	5	30
Анальгин	0	30	0	50	4	25
Афлубин	1	100	0	200	0	24
Мирамистин	2	50	2	80	0	27
Хлорофиллипт	4	100	2	140	0	15
Арбидол	1	100	0	260	3	40
Кагоцел	2	12	0	310	3	40
Цитрамон	3	30	0	50	4	50
Пиносол	2	10	2	160	5	45
Пиносол	3	150	2	170	5	35
Макситрол	0	5	2	190	5	61
Стрепсилс	2	20	0	370	5	16
Стрепсилс	3	100	2	350	5	30
Эспумизан	1	40	0	300	5	80
Смекта	2	20	0	290	5	30
Анальгин	1	30	0	50	4	34
Афлубин	0	200	0	200	0	40
Мирамистин	3	20	2	80	0	35
Хлорофиллипт	3	400	2	140	5	40
Арбидол	0	150	0	260	3	20
Кагоцел	0	24	0	310	3	25
Цитрамон	0	60	0	50	4	23
Пиносол	1	20	2	160	5	22